4090
4080
4072
4037
4037
4008
3975
3983
3992
3967
3964
3972
3953
3931
3919
3893
3883
3873
3853
3832
3803
3786
3774
3757
3759
3763
3755
3738
3694
3682
3675
3668
3660
3660
3663
3661
3659
3661
3661
3663
3660
3655
3661
3650
3630
3624
3616
3606
3602
3590
3567
3559
3554
3549
3535
3523
3520
3512
3515
3516
3520
3520
3518
3521
3529
3521
3516
3516
3513
3514
3509
3506
3505
3501
3498
3495
3500
3498
3499
3492
3490
3485
3479
3479
3480
3481
3475
3474
3469
3473
3473
3475
3475
3472
3470
3470
3468
3468
3472
3460
3455
3455
3458
3458
3458
3454
3451
3452
3451
3445
3445
3443
3440
3442
3445
3443
3439
3439
3437
3433
3434
3433
3428
3425
3425
3423
3420
3424
3417
3416
3411
3411
3413
3414
3414
3415
3415
3404
3394
3393
3404
3398
3390
3390
3381
3380
3382
3381
3378
3380
3380
3381
3379
3381
3377
3372
3376
3388
3388
3382
3374
3371
3367
3370
3370
3366
3365
3359
3347
3333
3333
3319
3308
3309
3305
3302
3302
3299
3304
3311
3309
3310
3306
3300
3300
3301
3302
3292
3292
3290
3294
3303
3303
3300
3292
3294
3296
3299
3299
3304
3304
3310
3306
3294
3293
3295
3294
3294
3286
3282
3283
3288
3288
3288
3287
3290
3284
3279
3277
3286
3286
3287
3283
3283
3283
3282
3281
3281
3280
3289
3282
3281
3281
3279
3279
3275
3271
3272
3273
3270
3277
3277
3279
3277
3278
3276
3275
3275
3273
3266
3254
3252
3245
3237
3239
3236
3231
3228
3232
3236
3238
3238
3241
3241
3237
3236
3235
3234
3233
3232
3225
3230
3227
3232
3232
3234
3236
3235
3237
3233
3230
3230
3228
3223
3223
3225
3227
3220
3220
3228
3232
3236
3242
3242
3242
3238
3229
3221
3225
3221
3221
3221
3223
3218
3216
3221
3221
3218
3218
3216
3218
3209
3208
3208
3208
3215
3197
3201
3203
3198
3204
3204
3203
3189
3176
3173
3175
3176
3176
3187
3183
3181
3170
3170
3166
3172
3177
3180
3181
3177
3175
3175
3170
3161
3163
3160
3166
3169
3174
3164
3164
3158
3160
3168
3167
3166
3165
3169
3175
3170
3162
3155
3164
3170
3164
3163
3161
3155
3156
3152
3153
3150
3150
3152
3151
3145
3152
3155
3157
3161
3160
3160
3169
3170
3180
3173
3178
3175
3173
3170
3175
3171
3169
3168
3146
3153
3147
3153
3152
3152
3150
3144
3137
3147
3144
3141
3142
3128
3127
3116
3115
3111
3110
3118
3120
3122
3131
3128
3131
3120
3119
3116
3118
3117
3117
3117
3119
3123
3120
3119
3117
3113
3115
3112
3110
3105
3109
3105
3116
3109
3106
3120
3116
3111
3109
3117
3113
3111
3111
3112
3109
3091
3093
3091
3092
3086
3082
3077
3074
3074
3076
3073
3067
3067
3070
3070
3070
3069
3073
3076
3075
3072
3071
3069
3076
3074
3073
3074
3072
3069
3067
3063
3068
3070
3069
3067
3072
3079
3080
3085
3082
3076
3071
3066
3065
3066
3064
3068
3064
3063
3063
3064
3070
3074
3070
3066
3060
3059
3059
3054
3063
3064
3063
3059
3058
3057
3061
3060
3057
3056
3061
3060
3057
3050
3048
3047
3053
3048
3050
3050
3050
3047
3050
3051
3050
3047
3038
3035
3034
3035
3042
3045
3047
3045
3042
3041
3047
3053
3050
3046
3047
3044
3043
3044
3038
3030
3022
3017
3022
3023
3024
3026
3030
3036
3038
3038
3037
3039
3040
3037
3034
3030
3028
3033
3034
3039
3042
3039
3039
3039
3037
3034
3034
3032
3029
3027
3026
3026
3027
3028
3031
3030
3026
3017
3012
3010
3006
3004
3006
3010
3011
3014
3003
3000
2999
2997
3000
2999
3000
2998
2996
2994
2992
2991
2991
2992
2990
2988
2987
2987
2988
2988
2985
2980
2976
2976
2981
2985
2989
2989
2985
2982
2980
2981
2981
2979
2977
2976
2976
2976
2977
2971
2971
2971
2970
2975
2972
2973
2969
2971
2972
2970
2969
2968
2967
2966
2968
2968
2968
2968
2967
2958
2954
2956
2957
2961
2959
2962
2967
2969
2968
2969
2965
2961
2959
2954
2941
2941
2949
2957
2960
2961
2958
2955
2952
2951
2949
2953
2958
2959
2959
2960
2952
2952
2952
2952
2953
2953
2953
2956
2958
2964
2963
2957
2953
2954
2949
2949
2948
2947
2944
2942
2944
2947
2946
2943
2943
2940
2934
2936
2938
2940
2931
2933
2932
2932
2931
2923
2918
2913
2911
2910
2917
2919
2920
2921
2920
2924
2925
2922
2921
2919
2916
2914
2915
2916
2918
2917
2915
2912
2908
2909
2914
2909
2909
2913
2912
2913
2916
2909
2907
2901
2901
2878
2871
2856
2846
2831
2827
2844
2859
2861
2863
2871
2879
2876
2884
2887
2881
2868
2867
2858
2848
2837
2835
2832
2832
2831
2831
2826
2828
2829
2831
2829
2829
2831
2835
2839
2838
2835
2833
2833
2836
2842
2837
2830
2822
2818
2821
2820
2818
2814
2813
2812
2812
2812
2812
2812
2817
2814
2811
2811
2812
2815
2817
2819
2823
2824
2826
2824
2818
2816
2818
2821
2821
2819
2817
2812
2805
2798
2801
2802
2799
2794
2790
2790
2796
2799
2795
2794
2797
2800
2802
2801
2801
2800
2798
2798
2797
2799
2800
2796
2791
2791
2787
2786
2788
2791
2792
2790
2790
2790
2790
2790
2790
2790
2790
2790
2790
2790
2790
2790
2790
2790
2790
2790
2790
2790
2790
2790
2790
2790
2790
2790
2790
2790
2790
2790
2790
2790
2790
2790
2790
2790
2790
2790
2790
2790
2790
2790
2790
2790
2790
2790
2790
2790
2790
2790
2790
2790
2790
2790
2790
2790
2790
2790
2790
2790
2790
2790
2790
2790
2790
2790
2790
2790
2790
2790
2790
2790
2790
2790
2790
2791
2791
2778
2784
2788
2792
2790
2774
2776
2786
2786
2786
2786
2786
2786
2786
2786
2786
2786
2786
2786
2786
2786
2786
2786
2786
2786
2786
2786
2786
2786
2786
2786
2786
2786
2786
2786
2786
2786
2786
2786
2786
2786
2786
2786
2786
2786
2786
2786
2786
2786
2786
2786
2786
2786
2786
2786
2786
2786
2786
2786
2786
2786
2786
2786
2786
2786
2786
2786
2786
2786
2786
2786
2786
2786
2786
2786
2786
2786
2786
2786
2786
2786
2786
2786
2786
2786
2786
2786
2786
2786
2786
2786
2786
2786
2786
2786
2786
2786
2786
2786
2786
2786
2786
2786
2786
2786
2786
2786
2786
2786
2786
2786
2786
2786
2786
2786
2786
2786
2786
2786
2786
2786
2786
2786
2786
2786
2786
2786
2786
2792
2793
2794
2794
2794
2795
2796
2796
2799
2801
2803
2807
2813
2818
2828
2829
2829
2830
2835
2845
2852
2860
2860
2864
2870
2878
2887
2897
2903
2915
2919
2919
2922
2924
2925
2923
2927
2930
2931
2923
2911
2892
2877
2865
2865
2871
2874
2872
2871
2869
2860
2850
2852
2852
2852
2855
2853
2844
2837
2835
2837
2838
2838
2840
2841
2842
2845
2848
2852
2855
2856
2863
2861
2855
2848
2844
2835
2828
2822
2820
2817
2817
2819
2821
2820
2818
2819
2820
2819
2817
2812
2808
2801
2797
2790
2784
2771
2754
2746
2756
2763
2769
2777
2784
2794
2801
2809
2813
2816
2819
2821
2828
2837
2850
2849
2848
2850
2852
2854
2855
2856
2856
2854
2856
2859
2865
2870
