4147
4144
4130
4099
4075
4075
4044
4031
4008
3994
3987
3971
3971
3966
3946
3934
3929
3924
3919
3923
3923
3920
3922
3909
3894
3882
3871
3871
3862
3863
3863
3850
3846
3837
3834
3827
3822
3817
3811
3803
3793
3793
3781
3771
3767
3764
3765
3764
3765
3764
3765
3751
3745
3742
3740
3736
3721
3711
3704
3694
3689
3689
3676
3664
3648
3638
3629
3622
3622
3621
3620
3617
3610
3612
3605
3600
3597
3594
3594
3592
3588
3587
3584
3586
3593
3592
3593
3596
3589
3587
3594
3599
3598
3599
3603
3600
3597
3589
3582
3579
3575
3577
3570
3565
3563
3559
3548
3545
3535
3533
3519
3518
3520
3517
3515
3515
3510
3510
3506
3501
3494
3490
3484
3477
3476
3469
3470
3475
3478
3483
3483
3479
3478
3468
3466
3466
3467
3469
3465
3465
3461
3462
3463
3462
3455
3451
3451
3450
3451
3454
3456
3458
3457
3457
3452
3452
3452
3453
3455
3454
3454
3452
3449
3453
3458
3459
3463
3465
3466
3464
3463
3460
3459
3450
3450
3442
3431
3431
3426
3418
3419
3414
3414
3414
3421
3431
3434
3426
3405
3407
3406
3415
3410
3396
3393
3396
3386
3382
3376
3376
3374
3372
3371
3368
3355
3348
3344
3341
3345
3343
3341
3338
3338
3337
3339
3342
3339
3335
3330
3326
3325
3331
3330
3330
3329
3327
3326
3321
3313
3305
3310
3305
3303
3301
3305
3302
3299
3302
3299
3297
3295
3292
3293
3290
3293
3292
3291
3289
3292
3285
3284
3277
3283
3284
3288
3290
3284
3285
3282
3286
3288
3287
3286
3278
3275
3276
3279
3274
3276
3275
3280
3280
3281
3277
3281
3280
3283
3275
3271
3266
3273
3276
3285
3280
3276
3270
3272
3262
3261
3259
3262
3258
3258
3253
3254
3249
3249
3245
3244
3243
3241
3241
3240
3240
3237
3236
3237
3236
3237
3236
3236
3229
3227
3224
3219
3220
3222
3219
3229
3225
3227
3234
3236
3243
3243
3235
3236
3233
3230
3230
3228
3219
3222
3225
3217
3219
3209
3208
3209
3204
3199
3196
3195
3194
3196
3200
3205
3207
3213
3222
3216
3210
3207
3201
3202
3203
3201
3190
3185
3182
3182
3181
3180
3180
3178
3175
3175
3176
3175
3176
3175
3174
3174
3173
3170
3175
3176
3177
3174
3174
3172
3171
3169
3168
3168
3174
3180
3190
3199
3200
3189
3183
3177
3167
3162
3156
3152
3149
3146
3153
3146
3142
3138
3132
3127
3121
3117
3115
3109
3109
3119
3119
3117
3114
3128
3123
3121
3115
3112
3102
3096
3097
3099
3105
3107
3119
3123
3124
3121
3143
3128
3116
3106
3103
3105
3102
3095
3086
3091
3096
3096
3100
3094
3087
3086
3083
3077
3081
3074
3054
3030
3011
2998
2990
2991
2987
2991
2985
2976
2973
2975
2972
2954
2948
2945
2940
2934
2935
2938
2945
2946
2945
2940
2934
2915
2909
2902
2900
2903
2908
2913
2916
2920
2931
2914
2879
2872
2860
2847
2840
2844
2841
2837
2830
2824
2820
2818
2815
2818
2822
2826
2824
2828
2826
2822
2823
2830
2829
2822
2811
2809
2808
2799
2795
2798
2791
2792
2788
2783
2779
2769
2769
2768
2764
2763
2760
2769
2766
2766
2760
2763
2759
2761
2752
2746
2746
2743
2741
2741
2738
2733
2733
2733
2737
2738
2737
2739
2732
2726
2726
2722
2718
2715
2711
2713
2718
2724
2727
2739
2757
2753
2757
2750
2763
2763
2777
2779
2779
2767
2757
2754
2754
2752
2750
2738
2731
2711
2697
2697
2686
2683
2675
2667
2658
2654
2650
2646
2647
2642
2641
2637
2642
2642
2651
2688
2715
2734
2757
2759
2766
2777
2817
2848
2868
2907
2941
2944
2952
2948
2937
2927
2921
2928
2919
2920
2918
2912
2906
2903
2906
2906
2917
2929
2944
2962
