4209
4191
4152
4122
4044
4008
3975
3939
3917
3885
3867
3849
3840
3825
3814
3798
3778
3770
3765
3763
3757
3757
3736
3731
3724
3724
3720
3711
3700
3697
3694
3684
3679
3670
3665
3663
3660
3657
3656
3654
3640
3635
3630
3619
3612
3612
3611
3610
3606
3599
3597
3590
3586
3582
3577
3573
3565
3565
3559
3557
3556
3553
3545
3536
3531
3524
3521
3519
3517
3514
3514
3512
3514
3510
3505
3502
3498
3492
3488
3482
3472
3465
3463
3459
3457
3451
3442
3437
3436
3435
3432
3422
3410
3402
3397
3392
3389
3382
3379
3377
3373
3372
3369
3368
3369
3369
3364
3357
3357
3351
3348
3349
3349
3351
3355
3367
3366
3368
3368
3365
3362
3357
3364
3368
3365
3365
3359
3358
3355
3349
3348
3346
3340
3338
3329
3321
3310
3303
3302
3304
3307
3309
3315
3324
3327
3322
3319
3313
3312
3311
3305
3304
3302
3296
3294
3290
3290
3286
3280
3276
3270
3261
3256
3250
3250
3250
3247
3241
3234
3228
3222
3218
3214
3214
3216
3218
3221
3223
3223
3221
3215
3207
3202
3199
3193
3187
3182
3181
3184
3185
3185
3185
3182
3174
3164
3160
3161
3159
3149
3147
3147
3143
3138
3131
3126
3124
3123
3120
3120
3121
3124
3124
3124
3121
3119
3112
3109
3103
3096
3092
3096
3092
3086
3089
3091
3091
3093
3093
3096
3101
3097
3098
3104
3113
3118
3122
3127
3139
3131
3128
3128
3147
3153
3160
3163
3164
3172
3175
3177
3166
3168
3166
3157
3152
3152
3144
3132
3127
3126
3124
3124
3128
3131
3124
3122
3119
3111
3098
3088
3090
3086
3078
3070
3067
3064
3055
3052
3051
3050
3049
3051
3044
3042
3035
3028
3024
3020
3020
3023
3025
3019
3017
3026
3022
3017
3013
3004
3009
3002
2996
2991
2988
2985
2986
2985
2978
2973
2965
2960
2952
2945
2942
2936
2928
2922
2920
2907
2902
2894
2888
2878
2878
2876
2870
2869
2863
2859
2852
2850
2843
2839
2832
2831
2838
2838
2835
2832
2822
2826
2813
2808
2800
2797
2788
2782
2781
2778
2777
2771
2767
2764
2764
2765
2762
2759
2758
2757
2755
2753
2752
2753
2748
2746
2747
2747
2745
2746
2744
2743
2740
2739
2740
2738
2736
2737
2739
2736
2737
2743
2738
2733
2733
2729
2722
2720
2720
2721
2724
2729
2728
2729
2732
2736
2734
2737
2738
2738
2738
2741
2740
2738
2732
2721
2710
2706
2704
2705
2708
2705
2695
2687
2685
2691
2692
2690
2691
2687
2691
2687
2686
2689
2682
2675
2666
2667
2664
2658
2658
2659
2659
2657
2655
2652
2651
2648
2643
2640
2639
2639
2639
2638
2635
2634
2635
2636
2633
2633
2637
2638
2630
2626
2628
2627
2632
2627
2623
2620
2620
2618
2619
2618
2619
2623
2630
2637
2640
2644
2647
2643
2638
2642
2638
2636
2642
2643
2637
2641
2635
2641
2645
2639
2642
2644
2637
2639
2640
2634
2634
2634
2634
2631
2630
2631
2627
2627
2625
2616
2614
2613
2599
2598
2599
2590
2586
2567
2567
2567
2564
2562
2560
2561
2561
2564
2562
2559
2559
2557
2553
2551
2553
2553
2550
2545
2545
2547
2550
2549
2548
2547
2545
2543
2541
2543
2543
2544
2544
2545
2546
2542
2541
2538
2536
2534
2534
2537
2536
2533
2534
2537
2534
2536
2537
2536
2536
2532
2531
2530
2530
2528
2526
2521
2520
2517
2518
2516
2518
2519
2517
2516
2517
2517
2516
2517
2518
2519
2514
2514
2510
2508
2504
2504
2502
2501
2501
2500
2500
2501
2498
2499
2499
2500
2499
2498
2497
2502
2499
2501
2499
2499
2504
2508
2510
2507
2506
2505
2508
2506
2504
2502
2497
2495
2488
2485
2483
2480
2480
2479
2479
2478
2477
2476
2475
2473
2471
2471
2471
2471
2469
2469
2469
2467
2466
2465
2465
2466
2466
2466
2466
2467
2466
2466
2466
2469
2467
2472
2474
2471
2472
2465
2463
2461
2457
2457
2455
2456
2454
2451
2452
2454
2453
2452
2451
2451
2450
2447
2445
2445
2444
2443
2441
2441
2442
2442
2441
2441
2441
2441
2441
2440
2439
2439
2438
2437
2437
2437
2437
2437
2437
2437
2437
2435
2434
2432
2431
2431
2431
2431
2433
2432
2428
2428
2428
2432
2433
2431
2429
2426
2424
2425
2425
2424
2423
2423
2425
2427
2431
2430
2433
2437
2435
2438
2435
2439
2443
2443
2449
2449
2455
2455
2459
2461
2463
2462
2453
2452
2452
2449
2445
2445
2445
2440
2430
2422
2420
2417
2414
2414
2412
2408
2405
2405
2401
2401
2399
2401
2399
2396
2392
2395
2398
2396
2394
2395
2396
2402
2411
2416
2414
2411
2411
2409
2410
2408
2404
2405
2404
2402
2399
2394
2391
2390
2385
2381
2381
2380
2375
2371
2368
2366
2366
2362
2363
2363
2361
2362
2362
2358
2358
2358
2354
2353
2353
2348
2348
2347
2343
2345
2346
2344
2342
2340
2339
2337
2335
2334
2333
2331
2330
2328
2326
2323
2321
2321
2321
2321
2319
2318
2318
2318
2314
2313
2313
2313
2314
2309
2309
2311
2311
2309
2305
2302
2300
2299
2294
2294
2295
2294
2291
2290
2285
